MCStep s           	 Energy_U	Average_Energy_<U>	      Variance	 Order_Parameter	 Acceptance_Ratio	 Temperature
9	              -186.17529	             0	    0.98200017	        31.25	         0.1
1	   -186.37408	              -186.37408	    0.59123175	    0.97592838	       21.875	         0.1
1	   -186.39146	              -186.39146	    0.67150951	    0.97145355	       21.875	         0.1
2	   -186.77053	              -186.58099	     1.2755229	    0.97118605	       21.875	         0.1
2	   -187.54918	              -186.97032	     3.0947087	    0.97265577	           25	         0.1
3	    -187.7307	              -187.22378	     3.5628353	    0.96895957	       15.625	         0.1
3	   -187.79126	              -187.24397	     3.6997496	      0.970228	        3.125	         0.1
4	   -188.18734	              -187.47981	      4.323062	    0.96760219	        18.75	         0.1
4	   -189.06022	              -187.69803	     5.8733673	    0.97215771	       21.875	         0.1
5	   -189.64712	              -188.08785	      7.411307	    0.97002249	         6.25	         0.1
5	   -189.77276	              -188.11298	     7.7336168	    0.97049461	         6.25	         0.1
6	   -190.03298	              -188.43298	      8.744364	    0.96933146	        3.125	         0.1
6	    -190.0488	              -188.43561	     8.7850121	    0.96858127	        3.125	         0.1
7	   -190.00634	                 -188.66	     9.2130273	    0.96666437	       15.625	         0.1
7	   -190.41941	              -188.71901	     9.6633992	    0.96471941	         6.25	         0.1
8	   -190.49294	              -188.94075	     10.103268	    0.96260694	        3.125	         0.1
8	   -190.49491	                -188.941	     10.108854	    0.96436809	        3.125	         0.1
9	   -190.56779	              -189.12175	     10.333255	    0.96223329	        3.125	         0.1
9	   -190.62482	              -189.12809	     10.409629	    0.96504678	        3.125	         0.1
10	   -190.76421	               -189.2917	     10.597606	    0.96504678	            0	         0.1
10	   -190.75859	              -189.29114	     10.593776	    0.96370185	         6.25	         0.1
11	   -190.82025	              -189.43015	      10.67986	    0.96108132	        9.375	         0.1
11	   -190.87647	              -189.43526	     10.714806	    0.96108132	            0	         0.1
12	   -190.87038	              -189.55485	     10.714064	    0.96083357	        3.125	         0.1
12	   -190.92021	              -189.55901	     10.751081	    0.96109404	         6.25	         0.1
13	   -190.97333	               -189.6678	     10.740839	    0.96106639	        3.125	         0.1
13	   -190.99465	              -189.66944	     10.742381	    0.96052785	        3.125	         0.1
14	   -190.91476	              -189.75839	     10.633513	    0.96052785	            0	         0.1
14	   -190.91476	              -189.75839	     10.633513	    0.96052785	            0	         0.1
15	   -190.91476	              -189.83548	     10.492016	    0.96052785	            0	         0.1
15	   -190.91476	              -189.83548	     10.492016	    0.96052785	            0	         0.1
16	   -190.91476	              -189.90294	     10.330061	    0.96052785	            0	         0.1
16	   -190.87105	              -189.90021	     10.306976	    0.96202334	         6.25	         0.1
17	   -190.76104	              -189.95084	     10.066995	    0.96364205	        9.375	         0.1
17	   -190.75249	              -189.95034	     10.063694	    0.96259298	        3.125	         0.1
18	   -190.63704	              -189.98849	     9.7795065	    0.96135495	        9.375	         0.1
18	   -190.41998	              -189.97643	     9.6937001	    0.96145471	         12.5	         0.1
19	   -190.34201	              -189.99567	     9.3290403	    0.96087131	        9.375	         0.1
19	    -190.1714	              -189.98669	     9.2685171	    0.95985257	         6.25	         0.1
20	   -189.97387	              -189.98605	     8.8233782	    0.96037067	        3.125	         0.1
20	    -190.0491	              -189.98981	     8.8455528	    0.96037067	            0	         0.1
21	   -190.00577	              -189.99057	     8.4479122	     0.9594278	         6.25	         0.1
21	   -190.30801	              -190.00497	     8.5398988	    0.96426272	         12.5	         0.1
22	   -190.51984	              -190.02837	     8.3170485	    0.96400406	        3.125	         0.1
22	   -190.45453	               -190.0254	     8.2986214	    0.96281322	         6.25	         0.1
23	   -190.53572	              -190.04759	     8.0939215	    0.96346684	        3.125	         0.1
23	   -190.57463	              -190.04928	      8.106303	    0.96503513	        3.125	         0.1
24	   -190.61474	              -190.07284	     7.9362039	    0.96554646	        3.125	         0.1
24	   -190.73541	              -190.07787	     7.9689605	    0.96554646	            0	         0.1
25	   -191.04945	              -190.11673	     7.9336786	    0.96582507	         6.25	         0.1
25	   -191.20666	              -190.12302	     7.9772919	    0.96582507	            0	         0.1
26	   -191.11258	              -190.16108	     7.9412015	     0.9639461	        3.125	         0.1
26	    -191.0741	               -190.1596	     7.9311662	     0.9639461	            0	         0.1
27	   -191.06257	              -190.19304	      7.872124	    0.96380313	        3.125	         0.1
27	    -190.9848	              -190.19016	     7.8528965	    0.96380313	            0	         0.1
28	    -190.9848	              -190.21854	     7.7719169	    0.96380313	            0	         0.1
28	   -191.24115	               -190.2277	      7.842409	    0.96318113	        3.125	         0.1
29	   -191.28906	               -190.2643	     7.8356183	    0.96473258	        3.125	         0.1
29	   -191.32904	              -190.26568	     7.8489153	    0.96449875	        3.125	         0.1
30	   -191.38981	              -190.30315	     7.8590082	    0.96449875	            0	         0.1
30	   -191.38981	              -190.30315	     7.8590082	    0.96449875	            0	         0.1
31	   -191.25899	              -190.33398	     7.8239113	    0.96375931	        9.375	         0.1
31	   -191.03621	              -190.32679	     7.7700895	    0.96441433	         6.25	         0.1
32	   -191.00463	              -190.34798	     7.6746791	    0.96441433	            0	         0.1
32	    -191.1649	              -190.35298	     7.7118667	    0.96402692	        3.125	         0.1
33	   -191.16744	              -190.37766	     7.6508676	    0.96273874	        9.375	         0.1
33	   -191.04793	              -190.37404	     7.6230305	    0.96262803	         6.25	         0.1
34	   -190.96466	              -190.39141	     7.5188541	    0.96262803	            0	         0.1
34	   -190.85746	              -190.38826	     7.4974886	    0.96383634	         6.25	         0.1
35	   -190.97192	              -190.40494	     7.3984488	    0.96248022	        3.125	         0.1
35	   -190.87987	              -190.40231	     7.3786548	    0.96191344	        3.125	         0.1
36	   -190.79645	              -190.41326	     7.2488764	    0.96191344	            0	         0.1
36	   -190.80716	              -190.41355	     7.2517098	    0.96353076	         6.25	         0.1
37	   -190.87995	              -190.42616	      7.142019	    0.96353076	            0	         0.1
37	   -191.00967	              -190.42966	     7.1683225	    0.96332986	         6.25	         0.1
38	   -191.00593	              -190.44483	     7.0831774	    0.96256961	        3.125	         0.1
38	   -190.96169	              -190.44367	     7.0756197	    0.96256961	            0	         0.1
39	   -190.96169	              -190.45695	     6.9850425	    0.96256961	            0	         0.1
39	    -190.9178	              -190.45582	     6.9771733	    0.95723824	         6.25	         0.1
40	   -190.88059	              -190.46644	     6.8749295	    0.96004557	        3.125	         0.1
40	   -190.88612	              -190.46658	     6.8761424	    0.95829409	        3.125	         0.1
41	   -190.86103	               -190.4762	     6.7736476	    0.95951614	        9.375	         0.1
41	   -190.79747	              -190.47465	     6.7626343	    0.95810882	        3.125	         0.1
42	   -190.87884	              -190.48427	      6.667495	    0.96146827	         6.25	         0.1
42	    -190.9349	              -190.48561	      6.676097	    0.96146827	            0	         0.1
43	   -190.53255	               -190.4867	     6.5308514	     0.9597561	         6.25	         0.1
43	   -190.17678	              -190.47843	     6.4840556	    0.96022666	        9.375	         0.1
44	   -190.26167	               -190.4735	     6.3115036	    0.95939272	         12.5	         0.1
44	    -190.2453	              -190.47313	      6.309353	    0.95939272	            0	         0.1
45	    -190.2453	              -190.46807	     6.1429018	    0.95939272	            0	         0.1
45	   -190.36775	              -190.47079	     6.1581121	     0.9570017	        9.375	         0.1
46	   -190.54964	               -190.4725	     6.0376084	    0.95767821	         6.25	         0.1
46	   -190.60421	              -190.47369	      6.045182	     0.9579001	        3.125	         0.1
47	   -190.69583	              -190.47841	     5.9487157	     0.9579001	            0	         0.1
47	   -190.70707	              -190.47865	     5.9504004	    0.95726924	        3.125	         0.1
48	   -190.73455	              -190.48398	     5.8624039	    0.95726924	            0	         0.1
48	   -190.73455	              -190.48398	     5.8624039	    0.95726924	            0	         0.1
49	   -190.76878	               -190.4898	      5.782636	    0.95895792	        3.125	         0.1
49	   -190.74791	              -190.48937	     5.7789041	    0.95705867	        3.125	         0.1
50	   -190.36218	              -190.48683	     5.6508356	    0.95795788	         6.25	         0.1
50	   -190.26607	               -190.4849	     5.6396771	    0.95795788	            0	         0.1
51	   -190.26607	              -190.48061	     5.5062953	    0.95795788	            0	         0.1
51	   -190.25197	              -190.48034	     5.5038978	    0.95909903	         6.25	         0.1
52	   -190.58166	              -190.48229	     5.4120214	    0.95899131	        9.375	         0.1
52	   -190.73779	              -190.48529	     5.4306596	    0.95888435	        9.375	         0.1
53	   -190.57669	              -190.48701	     5.3405758	     0.9608357	         6.25	         0.1
53	   -190.52646	              -190.48606	     5.3347662	    0.95930612	        3.125	         0.1
54	   -190.65359	              -190.48917	      5.257159	    0.96320829	         12.5	         0.1
54	   -190.67097	              -190.48949	     5.2591923	    0.96688122	        9.375	         0.1
55	   -190.76974	              -190.49458	     5.1976466	    0.96749955	         6.25	         0.1
55	   -190.80749	              -190.49527	     5.2020036	    0.96749955	            0	         0.1
56	   -190.81803	              -190.50103	     5.1474453	    0.96679045	         6.25	         0.1
56	   -190.69193	              -190.49878	     5.1323453	    0.96711293	        9.375	         0.1
57	   -190.61196	              -190.50077	     5.0560715	    0.96711293	            0	         0.1
57	   -190.64984	              -190.50143	     5.0606092	    0.96855215	        3.125	         0.1
58	    -190.8459	              -190.50737	     5.0132558	    0.96796623	         6.25	         0.1
58	   -190.92891	               -190.5088	     5.0225039	    0.96796623	            0	         0.1
59	   -190.82685	              -190.51419	     4.9726234	    0.96720257	        3.125	         0.1
59	   -190.74281	              -190.51277	     4.9636899	    0.96720257	            0	         0.1
60	   -190.73436	              -190.51646	     4.9054095	    0.96651863	        3.125	         0.1
60	   -190.69803	              -190.51586	     4.9014771	    0.96708035	        3.125	         0.1
61	   -190.67356	              -190.51844	     4.8384602	    0.96708035	            0	         0.1
61	   -190.48855	              -190.51541	     4.8197182	    0.96391388	         6.25	         0.1
62	   -190.33162	              -190.51244	     4.7260432	    0.96462815	         6.25	         0.1
62	   -190.50348	              -190.51522	     4.7420529	    0.96552573	        3.125	         0.1
63	   -190.50348	              -190.51503	     4.6668331	    0.96552573	            0	         0.1
63	   -190.52034	               -190.5153	      4.668471	     0.9649982	        3.125	         0.1
64	   -190.85743	              -190.52064	     4.6315219	    0.96396609	         6.25	         0.1
64	   -190.98523	              -190.52264	     4.6445335	    0.96396609	            0	         0.1
65	   -190.98892	              -190.52981	     4.6210087	    0.96264131	        3.125	         0.1
65	   -190.90175	              -190.52847	     4.6116972	    0.96250782	         6.25	         0.1
66	   -190.76138	                -190.532	     4.5649993	    0.96188689	        3.125	         0.1
66	    -190.6171	              -190.52982	     4.5510487	    0.96415531	         6.25	         0.1
67	   -190.60489	              -190.53094	     4.4910089	    0.96452489	        3.125	         0.1
67	   -190.64472	              -190.53153	     4.4947639	    0.96609809	        3.125	         0.1
68	   -190.80191	              -190.53551	     4.4548609	     0.9647042	         6.25	         0.1
68	   -190.85662	              -190.53631	     4.4603019	    0.96636429	        3.125	         0.1
69	   -190.53631	              -190.53631	     4.3965833	    0.96181436	         12.5	         0.1
69	   -190.24641	              -190.53211	     4.3724734	    0.96377099	         6.25	         0.1
70	   -190.27871	              -190.52849	     4.2892269	    0.96334368	        3.125	         0.1
70	   -190.48243	               -190.5314	     4.3065663	    0.96230991	        3.125	         0.1
71	   -190.53682	              -190.53148	     4.2472147	    0.95935222	         6.25	         0.1
71	   -190.48822	              -190.53079	     4.2431005	    0.96061594	        3.125	         0.1
72	   -190.35296	              -190.52832	     4.1705706	    0.96128599	         6.25	         0.1
72	   -190.30279	              -190.52763	     4.1665045	    0.96128599	            0	         0.1
73	    -190.1927	              -190.52304	     4.0844543	     0.9618815	         6.25	         0.1
73	   -189.85982	              -190.51848	     4.0617134	    0.96038334	        3.125	         0.1
74	   -189.94088	              -190.51067	     3.9634185	    0.95956411	         6.25	         0.1
74	   -190.14886	              -190.51348	     3.9785481	    0.96012456	        3.125	         0.1
75	   -190.47754	                -190.513	     3.9232599	     0.9597798	        3.125	         0.1
75	   -190.64909	              -190.51529	     3.9374402	    0.96064352	         6.25	         0.1
76	   -190.66483	              -190.51726	     3.8985359	    0.96064352	            0	         0.1
76	   -190.66362	              -190.51724	     3.8984222	    0.95905849	        3.125	         0.1
77	   -190.65734	              -190.51906	     3.8597376	    0.95905849	            0	         0.1
77	   -190.69277	              -190.51952	     3.8626906	    0.95949575	        3.125	         0.1
78	   -190.69958	              -190.52183	     3.8282215	    0.95949575	            0	         0.1
78	   -190.89183	               -190.5243	     3.8462356	    0.95938685	         6.25	         0.1
79	   -191.23875	              -190.53334	     3.8595503	    0.95938685	            0	         0.1
79	   -191.08027	              -190.53133	     3.8443445	    0.96005792	        3.125	         0.1
80	   -190.95565	              -190.53664	     3.8311306	    0.95945642	         6.25	         0.1
80	    -190.9241	              -190.53624	     3.8286326	    0.95996174	        3.125	         0.1
81	     -190.925	              -190.54104	     3.8129613	    0.95996174	            0	         0.1
81	   -190.61703	              -190.53724	      3.788002	    0.95898258	         6.25	         0.1
82	   -190.54144	              -190.53729	      3.742675	    0.95898258	            0	         0.1
82	    -190.3463	              -190.53491	     3.7288614	    0.95712434	        3.125	         0.1
83	   -190.26647	              -190.53168	     3.6657033	    0.95712434	            0	         0.1
83	   -190.24861	              -190.53146	     3.6645688	     0.9592051	        3.125	         0.1
84	   -190.24182	              -190.52801	     3.6003765	    0.96000008	        9.375	         0.1
84	   -190.56693	              -190.53188	     3.6240359	    0.96000008	            0	         0.1
85	   -190.56693	               -190.5323	     3.5844152	    0.96000008	            0	         0.1
85	   -190.53882	              -190.53197	     3.5823864	    0.95845066	        3.125	         0.1
86	   -190.49817	              -190.53157	      3.538812	    0.95667274	        3.125	         0.1
86	   -190.55712	              -190.53226	      3.542994	    0.95667274	            0	         0.1
87	   -190.55712	              -190.53254	     3.5044762	    0.95667274	            0	         0.1
87	    -190.5534	               -190.5325	     3.5041867	    0.95738546	        3.125	         0.1
88	   -190.34165	              -190.53033	     3.4522099	    0.95657584	        9.375	         0.1
88	   -190.27017	              -190.52952	     3.4474873	    0.95657584	            0	         0.1
89	   -189.95922	              -190.52311	     3.3750253	    0.95347136	         6.25	         0.1
89	   -189.84736	              -190.52186	      3.367671	    0.95640516	        9.375	         0.1
90	   -189.74787	              -190.51326	     3.2852315	    0.95558166	        3.125	         0.1
90	   -189.86312	              -190.51454	     3.2890156	    0.95860554	         6.25	         0.1
91	   -190.13458	              -190.51036	     3.2294868	    0.95860554	            0	         0.1
91	   -189.96919	              -190.50854	     3.2202462	     0.9559381	        3.125	         0.1
92	   -189.70629	              -190.49982	     3.1391352	    0.95416767	         12.5	         0.1
92	   -189.83003	              -190.50117	     3.1444387	    0.95597931	         6.25	         0.1
93	   -190.15557	              -190.49745	     3.0886671	    0.95972649	         12.5	         0.1
93	     -190.429	              -190.50039	     3.1063228	    0.96003981	        3.125	         0.1
94	   -190.46104	              -190.49997	     3.0710269	    0.96113337	        9.375	         0.1
94	    -190.6137	               -190.5016	      3.081053	    0.95955025	        9.375	         0.1
95	   -190.52683	              -190.50186	     3.0505743	    0.96089744	        3.125	         0.1
95	   -190.73032	              -190.50401	     3.0641163	    0.96409856	        9.375	         0.1
96	   -190.71401	              -190.50619	     3.0462967	    0.96409856	            0	         0.1
96	   -190.80157	               -190.5071	     3.0523785	    0.96282829	        3.125	         0.1
97	   -190.82258	              -190.51036	     3.0420526	    0.96282829	            0	         0.1
97	   -190.82258	              -190.51036	     3.0420526	    0.96282829	            0	         0.1
98	   -190.62093	              -190.51149	     3.0181699	    0.96208948	         6.25	         0.1
98	    -190.4529	              -190.50977	      3.007827	    0.96145515	        9.375	         0.1
99	   -190.40063	              -190.50867	     2.9709632	    0.96133513	        3.125	         0.1
99	   -190.58406	              -190.51052	      2.982436	    0.96027474	        3.125	         0.1
